PID,Arrival,Execution,Start,Completion,Turnaround,Waiting
1,2,5,2,13,11,9
5,4,5,4,22,18,14
2,5,5,8,25,20,15
4,11,5,15,42,31,20
8,12,5,17,43,31,19
9,12,5,19,48,36,24
10,14,5,22,49,35,21
7,16,5,25,50,34,18
3,20,5,31,51,31,11
6,20,5,33,52,32,12
